temp,gain
22.318962698800675,0.0
22.352761930138435,1.0
22.352761930138435,0.6882528027903935
22.352761930138435,0.6882534910418197
22.352761930138435,0.688254179293246
22.386561501328426,0.6578352504317185
22.386561501328426,0.6852135883050765
22.386561501328426,0.6852142735145414
22.42036141238116,0.6547950357345554
22.42036141238116,0.6821736458547413
22.42036141238116,0.6821743280222141
22.42036141238116,0.6821750101896871
22.454161663307143,0.6517554634817507
22.454161663307143,0.6791343458572491
22.48796225411615,0.6487144902125388
22.521763184818692,0.6456728041768626
22.521763184818692,0.6730522310872336
22.521763184818692,0.6730529041285468
22.555564455425277,0.6426324305818197
22.589366065945672,0.6395906772618514
22.589366065945672,0.6669706487404258
22.623168016390387,0.6365495572550606
22.656970306769566,0.633507736646692
22.690772937093712,0.6304658823925303
22.724575907372596,0.6274239944922612
22.758379217617108,0.6243820729439674
22.79218286783738,0.6213401177473198
22.825986858042803,0.6182981289020405
22.859791188245016,0.6152561064052361
22.893595858453402,0.6122140502578528
22.927400868678106,0.6091719604583343
22.96120621892964,0.6061298370054043
23.028817939554866,0.5726622495528283
23.028817939554866,0.6274283706656472
23.096431020410563,0.566577219216728
23.130238070950185,0.5909180875027567
23.16404546157896,0.5878757621098596
23.19785319230591,0.5848334030581277
23.265469674097123,0.5513634374425943
23.333087516406795,0.5452773296368942
23.333087516406795,0.6000483819298528
23.40070671931604,0.5391916932479272
23.468327282907836,0.5331053282223448
23.502138074985034,0.5574488566697945
23.569760679754225,0.5239758326815911
23.603572492466494,0.5483200867820694
23.63738464541098,0.545277290064353
23.70500997203753,0.5118029065345922
23.73882314574024,0.5361481282755755
23.806450513975243,0.502672724982724
23.874079243385797,0.4965855881164445
23.907894118557486,0.5209320195740023
23.975524889885136,0.4874549164709456
24.009340786061372,0.5118020738470589
24.076973599490856,0.478323950735651
24.11079051676438,0.5026718340962156
24.178425372480806,0.4691926908847008
24.246061589824496,0.463104846260143
24.27988020913247,0.4874539397421349
24.347518469071375,0.4539730961599204
24.415158090843303,0.44788492975146843
24.448978412442557,0.4722352335393441
24.51662007711872,0.43875268933038636
24.550441420215904,0.4631037193908849
24.618085127980663,0.42962015468365927
24.651907492668894,0.4539719110820324
24.71955324370774,0.42048732578474585
24.787200357032063,0.414398451286288
24.821024424577047,0.43875141839630605
24.888673581484102,0.4052651319107707
24.922498670866826,0.42961882553615405
24.99014987154172,0.3961315182152662
25.023975982854925,0.4204859384222097
25.05780243483177,0.41744172660452344
25.159283834849315,0.35350832835443424
25.159283834849315,0.4357086980330999
25.260768301213638,0.34437310483606265
25.294597138126996,0.39612999285539924
25.362255834202596,0.3626389416841536
25.396085693385494,0.38699602659306936
25.46374643409405,0.353503954156339
25.497577315639607,0.3778617659573069
25.56524010116622,0.3443686721636468
25.599072005167184,0.3687272109228582
25.666736835696977,0.33523309568050863
25.700569762246086,0.35959236146416373
25.768236637964918,0.32609722468069674
25.80207058715492,0.3504572175555967
25.869739508247527,0.3169610591395946
25.903574480171162,0.34132177917163187
25.971245446823787,0.3078245990303245
26.005081441573424,0.332186046286947
26.072754453971175,0.298687844328276
26.10659147164031,0.32305001887500007
26.140428830302767,0.3200047277521945
26.20810457064968,0.2865051632271503
26.241942952354794,0.310868307598683
26.275781675094525,0.3078228814937164
26.34346014372065,0.2743219542379708
26.377299889626947,0.29868606855247787
26.411139976609544,0.2956405074496421
26.478821173844555,0.2621382173001301
26.51266228411725,0.28650330167545646
26.546503735507546,0.2834576055597392
26.614187661681115,0.24995395235277656
26.648030136485417,0.27432000690678265
26.68187295244825,0.27127417576315366
26.71571610958012,0.2682283108599116
26.783403447391922,0.2347229535997975
26.817247628092503,0.25909022104454776
26.851092150003428,0.2560442210938913
26.884937013134834,0.25299818737914376
26.95262776310078,0.21949112580973454
26.986473649955588,0.24385960633019238
27.020319878072186,0.24081343754886073
27.088013358132795,0.20730501234755544
27.12186061009708,0.23167446346133624
27.15570820336446,0.228628159598029
27.189556137945434,0.22558182196167453
27.223404413850155,0.22253545055161952
27.25725303108875,0.21948904536693284
27.291101989672114,0.21644260640599083
27.358800930912945,0.18293145344968292
27.392650913591442,0.20730284610552677
27.426501237655632,0.20425627203222693
27.46035190311603,0.20120966417819036
27.494202909982775,0.1981630225427821
27.494202909982775,0.22558256362658277
27.561905947976605,0.1646500488606003
27.595757979124347,0.1890228979844171
27.66346306577366,0.1555086755180313
27.66346306577366,0.21035000599229794
27.697316121295888,0.17988246326384078
27.731169518296927,0.1768355851306548
27.765023256786545,0.17378867320874652
27.798877336776005,0.170741727495863
27.832731758275067,0.1676947479923124
27.866586521293872,0.16464773469684033
27.90044162584331,0.16160068760783172
27.93429707193389,0.15855360672461796
27.968152859575,0.15550649204723288
28.002008988777533,0.15245934357344207
28.035865459551996,0.14941216130258586
28.069722271908535,0.14636494523401095
28.103579425857657,0.14331769536645048
28.103579425857657,0.17074216074309034
28.1374369214095,0.1402705823771092
28.171294758574206,0.1372232649093373
28.20515293736229,0.13417591363971032
29.32266455584071,0.0
28.23901145778463,0.1311285285669188
28.272870319851002,0.1280811096909535
28.306729523571537,0.12503365701057495
28.374448956017904,0.09151226912207208
28.340589068957126,0.17683905710531359
28.40830918476401,0.08846458761205972
28.44216975520596,0.11284350822260522
28.44216975520596,0.14027071048530557
28.476030667354266,0.10979602670907013
28.509891921219065,0.10674837118060568
28.509891921219065,0.13417612092082024
28.543753516810497,0.10370081595071483
28.611477733215686,0.07017703858210873
28.57761545413945,0.15550983305353253
28.645340354050095,0.06712909900157074
28.645340354050095,0.12198638984856042
28.645340354050095,0.12198651176792856
28.679203316652817,0.09150996429718024
28.713066621033985,0.08846210588633838
28.746930267204114,0.08541421365824382
28.746930267204114,0.11284387983232438
28.780794255173717,0.08236640038819852
28.780794255173717,0.10979634037209415
28.814658584952934,0.07931855025152648
28.84852325655228,0.0762705565661873
28.84852325655228,0.10370104419456468
28.882388269981888,0.07322263269297306
28.916253625252278,0.07017457136477874
28.916253625252278,0.09760560667096804
28.950119322373205,0.0671265737513949
28.950119322373205,0.0945578829086066
28.950119322373205,0.09455797739786757
28.983985361356314,0.06407863375438623
29.017851742210993,0.06103047095483721
28.983985361356314,0.11894207365765591
29.017851742210993,0.06103065078949789
29.051718464947374,0.057982454164383475
29.08558552957673,0.054934223711734606
29.08558552957673,0.08236662835881456
29.119452936108814,0.05188604172917363
29.119452936108814,0.07931872026939839
29.153320684554146,0.048837822869738555
29.153320684554146,0.07627077531159535
29.153320684554146,0.07627085151273374
29.187188774922863,0.045789643333898726
29.221057207225474,0.04274127756506047
29.221057207225474,0.07017477783502712
29.2549259814725,0.03969294806936575
29.2549259814725,0.06712672226611816
29.2549259814725,0.06712678932277984
29.288795097674072,0.03664464874980618
29.288795097674072,0.06407869688152076
29.32266455584071,0.03359624549173644
29.32266455584071,0.06103056756690328
29.32266455584071,0.06103062852709326
29.356534355982546,0.030547866311348378
29.356534355982546,0.05798246233814389
29.390404498110097,0.027499389286943246
29.390404498110097,0.05493425927385465
29.424274982233875,0.024450875377706235
29.390404498110097,0.08236945809296144
29.424274982233875,0.024450982056553
29.424274982233875,0.05188612601206462
29.424274982233875,0.05188617782731622
29.45814580836402,0.02140248307706374
29.45814580836402,0.04883790100935774
29.492016976510666,0.018353895395848127
29.492016976510666,0.04578958731310379
29.492016976510666,0.04578963303157591
29.492016976510666,0.04578967875004802
29.525888486684707,0.015305362263447126
29.525888486684707,0.04274132817445671
29.525888486684707,0.04274137084449291
29.525888486684707,0.042741413514529106
29.559760338896275,0.01225678614568704
29.559760338896275,0.03969302605862695
29.559760338896275,0.03969306568019645
29.559760338896275,0.039693105301765945
29.593632533155517,0.009208167041520027
29.593632533155517,0.03664468096457819
29.593632533155517,0.0366447175376502
29.62750506947331,0.006159468376179077
29.593632533155517,0.06408154205267934
29.62750506947331,0.0061595384737948445
29.62750506947331,0.03359632641575197
29.62750506947331,0.033596359940295716
29.62750506947331,0.03359639346483947
29.661377947859428,0.0031108333933193904
29.661377947859428,0.030547895362058375
29.661377947859428,0.03054792583804307
29.661377947859428,0.03054795631402776
29.661377947859428,0.03054798679001245
29.695251168324752,6.211579861566784e-05
29.695251168324752,0.027499451802922993
29.695251168324752,0.027499479230317845
29.695251168324752,0.027499506657712693
29.695251168324752,0.027499534085107545
29.72912473087905,0.0
29.72912473087905,0.0
29.72912473087905,0.0
29.72912473087905,0.0
29.762998635533208,0.0
29.72912473087905,0.1269313959954481
29.72912473087905,0.13916921855805478
29.72912473087905,0.13921255860111412
29.72912473087905,0.13925589864417348
29.762998635533208,0.12574425700082512
29.762998635533208,0.13797678289463655
29.79687288229736,0.12445958452780774
29.79687288229736,0.13668681370173524
29.762998635533208,0.15027443262571116
29.762998635533208,0.13811762400893077
29.79687288229736,0.12460042564210193
29.79687288229736,0.13682765481602946
29.79687288229736,0.13686015515486186
29.79687288229736,0.13689265549369428
29.79687288229736,0.1369251558325267
29.79687288229736,0.13695765617135913
29.79687288229736,0.13699015651019153
29.830747471181652,0.12346740136108586
29.830747471181652,0.13568933376404174
29.830747471181652,0.13571641416865268
29.864622402197345,0.12218810217802427
29.864622402197345,0.13440473775932182
29.830747471181652,0.14798179057020958
29.864622402197345,0.12225850341393205
29.864622402197345,0.13447513899522962
29.898497675353823,0.12094127010458146
29.864622402197345,0.1467081381191538
29.864622402197345,0.13453470019846983
29.898497675353823,0.12100083130782167
29.898497675353823,0.13321217001609745
29.932373290661605,0.11967274416647891
29.932373290661605,0.13187878595077446
29.932373290661605,0.1318896062242686
29.932373290661605,0.13190042649776273
29.96624924813158,0.11835544363007224
29.96624924813158,0.13055618843956168
29.96624924813158,0.13056158855986064
30.000125547773877,0.0
29.96624924813158,0.14276243646374298
30.000125547773877,0.0
30.000125547773877,0.0
30.000125547773877,0.0
30.000125547773877,0.0
30.03400218959827,0.0
30.03400218959827,0.0
30.03400218959827,0.0
30.067879173616014,0.0
30.067879173616014,0.0
30.067879173616014,0.0
30.10175649983725,0.0
30.10175649983725,0.0
30.10175649983725,0.0
30.135634168272123,0.0
30.135634168272123,0.0
30.135634168272123,0.0
30.135634168272123,0.0
30.135634168272123,0.0
30.169512178930763,0.0
30.135634168272123,0.0
30.169512178930763,0.0
30.169512178930763,0.0
30.203390531824432,0.0
30.169512178930763,0.0
30.203390531824432,0.0
30.169512178930763,0.0
30.203390531824432,0.0
30.203390531824432,0.0
30.203390531824432,0.0
30.203390531824432,0.0
30.203390531824432,0.0
30.203390531824432,0.0
30.203390531824432,0.0
30.23726922696253,0.0
30.23726922696253,0.0
30.23726922696253,0.0
30.23726922696253,0.0
30.23726922696253,0.0
30.27114826435593,0.0
30.27114826435593,0.0
30.23726922696253,0.0
30.23726922696253,0.0
30.23726922696253,0.0
30.23726922696253,0.0
30.23726922696253,0.0
30.23726922696253,0.0
30.27114826435593,0.0
30.27114826435593,0.0
30.27114826435593,0.0
30.27114826435593,0.0
30.27114826435593,0.0
30.23726922696253,0.0
30.27114826435593,0.0
30.27114826435593,0.0
30.27114826435593,0.0
30.27114826435593,0.0
30.27114826435593,0.0
30.27114826435593,0.0
30.27114826435593,0.0
30.27114826435593,0.0
30.27114826435593,0.0
30.27114826435593,0.0
30.27114826435593,0.0
30.27114826435593,0.0
30.27114826435593,0.0
30.27114826435593,0.0
30.27114826435593,0.0
30.27114826435593,0.0
30.23726922696253,0.0
30.27114826435593,0.0
30.23726922696253,0.0
30.27114826435593,0.0
30.27114826435593,0.0
30.23726922696253,0.0
30.27114826435593,0.0
30.27114826435593,0.0
30.27114826435593,0.0
30.27114826435593,0.0
30.23726922696253,0.0
30.23726922696253,0.0
30.27114826435593,0.0
30.23726922696253,0.0
30.23726922696253,0.0
30.23726922696253,0.0
30.23726922696253,0.0
30.23726922696253,0.0
30.27114826435593,0.0
30.23726922696253,0.0
30.23726922696253,0.0
30.23726922696253,0.0
30.23726922696253,0.0
30.23726922696253,0.0
30.23726922696253,0.0
30.23726922696253,0.0
30.23726922696253,0.0
30.23726922696253,0.0
30.23726922696253,0.0
30.23726922696253,0.0
30.203390531824432,0.0
30.23726922696253,0.0
30.23726922696253,0.0
30.23726922696253,0.0
30.23726922696253,0.0
30.23726922696253,0.0
30.23726922696253,0.0
30.23726922696253,0.0
30.203390531824432,0.0
30.203390531824432,0.0
30.23726922696253,0.0
30.203390531824432,0.0
30.203390531824432,0.0
30.203390531824432,0.0
30.203390531824432,0.0
30.203390531824432,0.0
30.203390531824432,0.0
30.203390531824432,0.0
30.203390531824432,0.0
30.169512178930763,0.0
30.203390531824432,0.0
30.203390531824432,0.0
30.203390531824432,0.0
30.169512178930763,0.0
30.169512178930763,0.0
30.169512178930763,0.0
30.169512178930763,0.0
30.169512178930763,0.0
30.169512178930763,0.0
30.169512178930763,0.0
30.169512178930763,0.0
30.169512178930763,0.0
30.169512178930763,0.0
30.169512178930763,0.0
30.169512178930763,0.0
30.169512178930763,0.0
30.169512178930763,0.0
30.135634168272123,0.0
30.135634168272123,0.0
30.135634168272123,0.0
30.135634168272123,0.0
30.135634168272123,0.0
30.169512178930763,0.0
30.135634168272123,0.0
30.135634168272123,0.0
30.135634168272123,0.0
30.135634168272123,0.0
30.135634168272123,0.0
30.135634168272123,0.0
30.135634168272123,0.0
30.135634168272123,0.0
30.135634168272123,0.0
30.10175649983725,0.0
30.10175649983725,0.0
30.10175649983725,0.0
30.135634168272123,0.0
30.10175649983725,0.0
30.10175649983725,0.0
30.10175649983725,0.0
30.10175649983725,0.0
30.10175649983725,0.0
30.067879173616014,0.0
30.067879173616014,0.0
30.067879173616014,0.0
30.067879173616014,0.0
30.067879173616014,0.0
30.10175649983725,0.0
30.10175649983725,0.0
30.067879173616014,0.0
30.067879173616014,0.0
30.067879173616014,0.0
30.067879173616014,0.0
30.067879173616014,0.0
30.067879173616014,0.0
30.03400218959827,0.0
30.067879173616014,0.0
30.067879173616014,0.0
30.03400218959827,0.0
30.03400218959827,0.0
30.03400218959827,0.0
30.03400218959827,0.0
30.03400218959827,0.0
30.000125547773877,0.0
30.03400218959827,0.0
30.03400218959827,0.0
30.000125547773877,0.0
30.03400218959827,0.0
30.000125547773877,0.0
30.03400218959827,0.0
30.000125547773877,0.0
30.000125547773877,0.0
30.03400218959827,0.0
30.000125547773877,0.0
30.000125547773877,0.0
29.96624924813158,0.13758749238504916
29.96624924813158,0.12539742463412087
30.000125547773877,0.0
29.96624924813158,0.13759827253800325
29.96624924813158,0.12540820478707496
29.96624924813158,0.1254136049073739
29.96624924813158,0.12541900502767284
29.96624924813158,0.1254244051479718
29.96624924813158,0.12542980526827072
29.96624924813158,0.12543520538856967
29.96624924813158,0.12544060550886862
29.96624924813158,0.12544600562916758
29.96624924813158,0.12545140574946653
29.96624924813158,0.12545680586976546
29.932373290661605,0.13901800913124907
29.96624924813158,0.11327768157436804
29.96624924813158,0.12547842638385748
29.96624924813158,0.12548382650415643
29.932373290661605,0.13904502976564
29.96624924813158,0.113304702208759
29.96624924813158,0.12550544701824845
29.96624924813158,0.1255108471385474
29.96624924813158,0.12551624725884636
29.932373290661605,0.13907745052032994
29.96624924813158,0.11333712296344894
29.96624924813158,0.12553786777293838
29.96624924813158,0.12554326789323733
29.96624924813158,0.12554866801353629
29.932373290661605,0.13910987127501986
30.000125547773877,0.0
29.96624924813158,0.13776033619091277
29.96624924813158,0.12557026843998448
29.96624924813158,0.12557566856028343
30.000125547773877,0.0
30.000125547773877,0.0
30.000125547773877,0.0
30.000125547773877,0.0
30.000125547773877,0.0
30.000125547773877,0.0
30.000125547773877,0.0
30.000125547773877,0.0
30.000125547773877,0.0
30.000125547773877,0.0
30.03400218959827,0.0
30.000125547773877,0.0
30.03400218959827,0.0
30.03400218959827,0.0
30.03400218959827,0.0
30.03400218959827,0.0
30.067879173616014,0.0
30.067879173616014,0.0
30.067879173616014,0.0
30.067879173616014,0.0
30.067879173616014,0.0
30.067879173616014,0.0
30.067879173616014,0.0
30.067879173616014,0.0
30.067879173616014,0.0
30.067879173616014,0.0
30.067879173616014,0.0
30.067879173616014,0.0
30.067879173616014,0.0
30.10175649983725,0.0
30.067879173616014,0.0
30.10175649983725,0.0
30.067879173616014,0.0
30.067879173616014,0.0
30.067879173616014,0.0
30.067879173616014,0.0
30.067879173616014,0.0
30.067879173616014,0.0
30.10175649983725,0.0
30.067879173616014,0.0
30.10175649983725,0.0
30.067879173616014,0.0
30.067879173616014,0.0
30.10175649983725,0.0
30.10175649983725,0.0
30.067879173616014,0.0
30.067879173616014,0.0
30.10175649983725,0.0
30.10175649983725,0.0
30.067879173616014,0.0
30.067879173616014,0.0
30.067879173616014,0.0
30.067879173616014,0.0
30.067879173616014,0.0
30.067879173616014,0.0
30.067879173616014,0.0
30.067879173616014,0.0
30.067879173616014,0.0
30.067879173616014,0.0
30.067879173616014,0.0
30.067879173616014,0.0
30.067879173616014,0.0
30.067879173616014,0.0
30.067879173616014,0.0
30.067879173616014,0.0
30.03400218959827,0.0
30.067879173616014,0.0
30.03400218959827,0.0
30.03400218959827,0.0
30.067879173616014,0.0
30.03400218959827,0.0
30.067879173616014,0.0
30.03400218959827,0.0
30.03400218959827,0.0
30.03400218959827,0.0
30.03400218959827,0.0
30.03400218959827,0.0
30.03400218959827,0.0
30.000125547773877,0.0
30.000125547773877,0.0
30.000125547773877,0.0
30.000125547773877,0.0
30.000125547773877,0.0
30.000125547773877,0.0
30.000125547773877,0.0
30.000125547773877,0.0
30.000125547773877,0.0
30.03400218959827,0.0
30.000125547773877,0.0
30.000125547773877,0.0
30.000125547773877,0.0
30.000125547773877,0.0
30.000125547773877,0.0
30.000125547773877,0.0
30.000125547773877,0.0
30.000125547773877,0.0
30.000125547773877,0.0
29.96624924813158,0.13708079070271875
30.000125547773877,0.0
29.96624924813158,0.13708617073537388
29.96624924813158,0.12489610298444559
29.96624924813158,0.12490150310474453
29.96624924813158,0.12490690322504348
29.96624924813158,0.12491230334534242
29.96624924813158,0.12491770346564136
29.96624924813158,0.1249231035859403
29.96624924813158,0.12492850370623926
29.96624924813158,0.1249339038265382
29.96624924813158,0.12493930394683714
29.96624924813158,0.12494470406713609
29.96624924813158,0.12495010418743505
29.96624924813158,0.12495550430773399
29.96624924813158,0.12496090442803294
29.932373290661605,0.13852210768951653
29.932373290661605,0.12633758327382016
29.96624924813158,0.11279260040612965
29.932373290661605,0.13854914835680374
29.96624924813158,0.11280882079992273
29.96624924813158,0.12500956560941218
29.96624924813158,0.12501496572971113
29.96624924813158,0.12502036585001006
29.96624924813158,0.125025765970309
29.96624924813158,0.12503116609060796
29.96624924813158,0.12503656621090692
29.96624924813158,0.12504196633120584
29.96624924813158,0.1250473664515048
29.96624924813158,0.12505276657180375
29.96624924813158,0.12505816669210268
29.96624924813158,0.12506356681240163
30.000125547773877,0.0
30.000125547773877,0.0
30.000125547773877,0.0
30.000125547773877,0.0
30.000125547773877,0.0
30.03400218959827,0.0
30.000125547773877,0.0
30.000125547773877,0.0
30.03400218959827,0.0
30.03400218959827,0.0
30.03400218959827,0.0
30.03400218959827,0.0
30.067879173616014,0.0
30.03400218959827,0.0
30.067879173616014,0.0
30.03400218959827,0.0
30.067879173616014,0.0
30.067879173616014,0.0
30.10175649983725,0.0
30.067879173616014,0.0
30.067879173616014,0.0
30.067879173616014,0.0
30.067879173616014,0.0
30.10175649983725,0.0
30.10175649983725,0.0
30.067879173616014,0.0
30.10175649983725,0.0
30.067879173616014,0.0
30.067879173616014,0.0
30.10175649983725,0.0
30.10175649983725,0.0
30.10175649983725,0.0
30.10175649983725,0.0
30.10175649983725,0.0
30.067879173616014,0.0
30.10175649983725,0.0
30.10175649983725,0.0
30.10175649983725,0.0
30.10175649983725,0.0
30.10175649983725,0.0
30.10175649983725,0.0
30.067879173616014,0.0
30.10175649983725,0.0
30.10175649983725,0.0
30.067879173616014,0.0
30.067879173616014,0.0
30.10175649983725,0.0
30.10175649983725,0.0
30.10175649983725,0.0
30.10175649983725,0.0
30.10175649983725,0.0
30.10175649983725,0.0
30.067879173616014,0.0
30.067879173616014,0.0
30.10175649983725,0.0
30.067879173616014,0.0
30.067879173616014,0.0
30.067879173616014,0.0
30.10175649983725,0.0
30.067879173616014,0.0
30.067879173616014,0.0
30.067879173616014,0.0
30.067879173616014,0.0
30.067879173616014,0.0
30.067879173616014,0.0
30.10175649983725,0.0
30.10175649983725,0.0
30.10175649983725,0.0
30.067879173616014,0.0
30.067879173616014,0.0
30.03400218959827,0.0
30.067879173616014,0.0
30.067879173616014,0.0
30.067879173616014,0.0
30.067879173616014,0.0
30.03400218959827,0.0
30.067879173616014,0.0
30.03400218959827,0.0
30.03400218959827,0.0
30.03400218959827,0.0
30.03400218959827,0.0
30.03400218959827,0.0
30.03400218959827,0.0
30.03400218959827,0.0
30.03400218959827,0.0
30.03400218959827,0.0
30.000125547773877,0.0
30.03400218959827,0.0
30.000125547773877,0.0
30.03400218959827,0.0
30.03400218959827,0.0
30.03400218959827,0.0
30.03400218959827,0.0
30.000125547773877,0.0
30.000125547773877,0.0
30.03400218959827,0.0
30.000125547773877,0.0
30.000125547773877,0.0
30.000125547773877,0.0
30.000125547773877,0.0
30.000125547773877,0.0
30.000125547773877,0.0
29.96624924813158,0.13631925374996198
29.96624924813158,0.12412918599903368
30.000125547773877,0.0
29.96624924813158,0.13633003390291604
29.96624924813158,0.12413996615198775
29.96624924813158,0.12414536627228669
29.96624924813158,0.12415076639258564
29.96624924813158,0.12415616651288458
29.96624924813158,0.12416156663318352
29.932373290661605,0.1377227698946671
29.96624924813158,0.11198244233778612
29.96624924813158,0.12418318714727557
29.96624924813158,0.12418858726757451
29.96624924813158,0.12419398738787346
29.96624924813158,0.1241993875081724
29.96624924813158,0.12420478762847134
29.96624924813158,0.12421018774877028
29.96624924813158,0.12421558786906924
29.96624924813158,0.12422098798936818
29.932373290661605,0.13778219125085175
29.96624924813158,0.11204186369397075
29.96624924813158,0.12424260850346022
29.96624924813158,0.12424800862375916
29.96624924813158,0.1242534087440581
29.96624924813158,0.12425880886435704
29.932373290661605,0.13782001212584064
29.96624924813158,0.11207968456895963
29.96624924813158,0.12428042937844908
29.96624924813158,0.12428582949874802
29.96624924813158,0.12429122961904696
30.000125547773877,0.0
30.000125547773877,0.0
29.96624924813158,0.1364920574352855
30.000125547773877,0.0
29.96624924813158,0.13649743746794063
29.96624924813158,0.12430736971701233
29.96624924813158,0.12431276983731128
30.000125547773877,0.0
30.000125547773877,0.0
30.03400218959827,0.0
30.000125547773877,0.0
30.03400218959827,0.0
30.03400218959827,0.0
30.03400218959827,0.0
30.03400218959827,0.0
30.03400218959827,0.0
30.03400218959827,0.0
30.03400218959827,0.0
30.03400218959827,0.0
30.03400218959827,0.0
30.067879173616014,0.0
30.067879173616014,0.0
30.067879173616014,0.0
30.067879173616014,0.0
30.067879173616014,0.0
30.067879173616014,0.0
30.067879173616014,0.0
30.10175649983725,0.0
30.10175649983725,0.0
30.067879173616014,0.0
30.067879173616014,0.0
30.10175649983725,0.0
30.067879173616014,0.0
30.10175649983725,0.0
30.10175649983725,0.0
30.10175649983725,0.0
30.10175649983725,0.0
30.10175649983725,0.0
30.10175649983725,0.0
30.10175649983725,0.0
30.10175649983725,0.0
30.10175649983725,0.0
30.10175649983725,0.0
30.10175649983725,0.0
30.10175649983725,0.0
30.10175649983725,0.0
30.10175649983725,0.0
30.10175649983725,0.0
30.10175649983725,0.0
30.10175649983725,0.0
30.10175649983725,0.0
30.10175649983725,0.0
30.10175649983725,0.0
30.10175649983725,0.0
30.10175649983725,0.0
30.10175649983725,0.0
30.10175649983725,0.0
30.10175649983725,0.0
30.10175649983725,0.0
30.10175649983725,0.0
30.10175649983725,0.0
30.10175649983725,0.0
30.067879173616014,0.0
30.067879173616014,0.0
30.10175649983725,0.0
30.10175649983725,0.0
30.067879173616014,0.0
30.067879173616014,0.0
30.10175649983725,0.0
30.067879173616014,0.0
30.067879173616014,0.0
30.067879173616014,0.0
30.067879173616014,0.0
30.067879173616014,0.0
30.067879173616014,0.0
30.067879173616014,0.0
30.067879173616014,0.0
30.067879173616014,0.0
30.067879173616014,0.0
30.03400218959827,0.0
30.067879173616014,0.0
30.067879173616014,0.0
30.067879173616014,0.0
30.03400218959827,0.0
30.03400218959827,0.0
30.03400218959827,0.0
30.03400218959827,0.0
30.03400218959827,0.0
30.03400218959827,0.0
30.03400218959827,0.0
30.03400218959827,0.0
30.03400218959827,0.0
30.03400218959827,0.0
30.000125547773877,0.0
30.03400218959827,0.0
30.000125547773877,0.0
30.000125547773877,0.0
30.03400218959827,0.0
30.000125547773877,0.0
30.000125547773877,0.0
30.000125547773877,0.0
30.000125547773877,0.0
30.000125547773877,0.0
30.000125547773877,0.0
30.000125547773877,0.0
30.000125547773877,0.0
30.000125547773877,0.0
30.000125547773877,0.0
29.96624924813158,0.13552511393970476
29.96624924813158,0.12333504618877647
30.000125547773877,0.0
29.96624924813158,0.13553589409265884
29.96624924813158,0.12334582634173055
29.96624924813158,0.12335122646202949
29.96624924813158,0.12335662658232843
29.96624924813158,0.12336202670262739
29.96624924813158,0.12336742682292633
29.96624924813158,0.12337282694322527
29.96624924813158,0.12337822706352423
29.96624924813158,0.12338362718382317
29.96624924813158,0.12338902730412211
29.96624924813158,0.12339442742442107
29.96624924813158,0.12339982754472001
29.932373290661605,0.1369610308062036
29.932373290661605,0.12477650639050722
29.932373290661605,0.12478732666400136
29.96624924813158,0.11124234379631086
29.932373290661605,0.13699889174698496
29.96624924813158,0.11125856419010394
29.96624924813158,0.12345930899959338
29.932373290661605,0.13702051226107698
29.96624924813158,0.11128018470419596
29.96624924813158,0.12348092951368543
29.96624924813158,0.12348632963398437
29.932373290661605,0.13704753289546795
29.96624924813158,0.11130720533858694
29.96624924813158,0.12350795014807639
29.96624924813158,0.12351335026837534
29.96624924813158,0.12351875038867428
30.000125547773877,0.0
29.96624924813158,0.13571959829255664
30.000125547773877,0.0
29.96624924813158,0.13572497832521177
30.000125547773877,0.0
30.000125547773877,0.0
30.000125547773877,0.0
30.000125547773877,0.0
30.03400218959827,0.0
30.000125547773877,0.0
30.03400218959827,0.0
30.03400218959827,0.0
30.03400218959827,0.0
30.000125547773877,0.0
30.03400218959827,0.0
30.03400218959827,0.0
30.03400218959827,0.0
30.03400218959827,0.0
30.067879173616014,0.0
30.03400218959827,0.0
30.067879173616014,0.0
30.067879173616014,0.0
30.067879173616014,0.0
30.067879173616014,0.0
30.067879173616014,0.0
30.067879173616014,0.0
30.067879173616014,0.0
30.067879173616014,0.0
30.067879173616014,0.0
30.10175649983725,0.0
30.10175649983725,0.0
30.067879173616014,0.0
30.10175649983725,0.0
30.10175649983725,0.0
30.10175649983725,0.0
30.10175649983725,0.0
30.10175649983725,0.0
30.10175649983725,0.0
30.10175649983725,0.0
30.10175649983725,0.0
30.10175649983725,0.0
30.10175649983725,0.0
30.10175649983725,0.0
30.10175649983725,0.0
30.10175649983725,0.0
30.10175649983725,0.0
30.10175649983725,0.0
30.10175649983725,0.0
30.10175649983725,0.0
30.10175649983725,0.0
30.10175649983725,0.0
30.10175649983725,0.0
30.10175649983725,0.0
30.067879173616014,0.0
30.10175649983725,0.0
30.10175649983725,0.0
30.10175649983725,0.0
30.10175649983725,0.0
30.10175649983725,0.0
30.10175649983725,0.0
30.067879173616014,0.0
30.10175649983725,0.0
30.10175649983725,0.0
30.10175649983725,0.0
30.10175649983725,0.0
30.067879173616014,0.0
30.067879173616014,0.0
30.10175649983725,0.0
30.067879173616014,0.0
30.10175649983725,0.0
30.067879173616014,0.0
30.067879173616014,0.0
30.067879173616014,0.0
30.067879173616014,0.0
30.067879173616014,0.0
30.067879173616014,0.0
30.067879173616014,0.0
30.067879173616014,0.0
30.067879173616014,0.0
30.03400218959827,0.0
30.067879173616014,0.0
30.03400218959827,0.0
30.067879173616014,0.0
30.067879173616014,0.0
30.03400218959827,0.0
